$ 1 0.000005 10.20027730826997 50 5 50 5e-11
x 208 189 726 192 4 24 Test\sPull\sdown\scon\sDivisor\sResistivo
R 288 272 224 272 0 0 40 5 0 0 0.5
174 288 272 288 416 1 10000 0.9950000000000001 Resistance
g 288 432 288 448 0 0
w 304 352 416 352 2
s 416 352 496 352 0 0 false
r 496 352 496 448 0 10000
g 496 448 496 464 0 0
w 496 352 576 352 2
403 624 272 752 336 0 8_64_0_4099_0.0390625_0.00009765625_-1_2_8_3
x 430 325 482 328 4 11 Conector
x 214 523 689 526 4 11 La\sresistencia\sno\sdeforma\sla\sseñal\sen\sexceso\ssi\stenemos\sun\spotenciometro
